1|1
1|3
1|15
2|14
2|16
3|17
3|12
3|14
4|18
4|19
5|5
5|18
5|2
5|10
6|3
6|10
6|21
7|6
7|9
7|12
7|2
8|11
8|8
8|18
9|25
9|16
9|11
10|12
10|14
10|16
10|17
11|12
12|13
12|17
12|16
13|16
13|10
13|13
13|15
13|21
14|19
14|18
14|11
14|22
15|25
15|18
15|12
15|13
15|16
15|17
15|7
15|8
16|5
16|10
16|16
16|17
16|18
16|25
17|19
17|18
17|10
17|3
17|15
17|16
17|12
18|2
18|5
18|17
18|18
18|25
19|3
19|11
19|12
19|16
19|18
19|19
20|11
20|12
20|16
20|18
20|19
20|14
21|3
21|10
21|15
21|21
22|10
22|15
23|1
23|3
23|9
23|11
23|18
23|25
23|12
24|25
24|19
24|24
24|16
24|17
24|18
24|5
25|1
25|2
25|11
25|16
25|20
26|9
26|7
26|11
26|18
26|16